### AD_demo

#### SH2 

|       |  AD  |  CN  | Total |
| :---: | :--: | :--: | :---: |
| train | 120  | 240  |  360  |
|  val  |  40  |  82  |  122  |
| test  |  40  |  82  |  122  |
| Total | 200  | 404  |  604  |

#### SHF

|       |  AD  |  CN  |  EM  |  LM  | Total |
| :---: | :--: | :--: | :--: | :--: | :---: |
| train | 120  | 240  | 312  | 188  |  860  |
|  val  |  40  |  84  | 104  |  62  |  290  |
| test  |  40  |  80  | 104  |  62  |  286  |
| Total | 200  | 404  | 520  | 312  | 1436  |

### PET-PMS

- 预处理

```
128*128*90 ➜ 128*128*88
```

#### v1

> **AD vs CN vs EM vs LM	128\*128\*88	5.5MB**

|       |  AD  |  CN  |  EM  |  LM  | Total |
| :---: | :--: | :--: | :--: | :--: | :---: |
| train |  36  | 228  | 180  | 162  |  606  |
|  val  |  18  |  72  |  60  |  54  |  204  |
| test  |  12  |  78  |  60  |  54  |  204  |
| Total |  66  | 378  | 300  | 270  | 1014  |

#### v2

> **EM vs LM	128\*128\*88	5.5MB**

|       |  EM  |  LM  | Total |
| :---: | :--: | :--: | :---: |
| train | 180  | 162  |  342  |
|  val  |  60  |  54  |  114  |
| test  |  60  |  54  |  114  |
| Total | 300  | 270  |  570  |

### PET_Protocol_ten

#### v3

> **PET_Protocol_ten	200\*200\*109	16.63MB**  

|       |  AD  |  CN  |  EM  |  LM  | Total |
| :---: | :--: | :--: | :--: | :--: | :---: |
| train |  60  |  42  |  84  |  58  |  244  |
|  val  |  12  |  6   |  18  |  12  |  48   |
| test  |  12  |  6   |  13  |  6   |  37   |
| Total |  84  |  54  | 115  |  76  |  329  |

#### v4 

> **PET_Protocol_all	256\*256\*80	20MB**

|       |  AD  |  CN  |  EM  |  LM  | Total |
| :---: | :--: | :--: | :--: | :--: | :---: |
| train | 118  | 268  | 320  | 218  |  924  |
|  val  |  36  |  86  | 102  |  70  |  294  |
| test  |  42  |  90  | 108  |  72  |  312  |
| Total | 196  | 444  | 530  | 360  | 1530  |

#### v5

> **PET_Protocol_ten	200\*200\*109	16.63MB**

|       |  AD  |  CN  | Total |
| :---: | :--: | :--: | :---: |
| train |  60  |  42  |  102  |
|  val  |  12  |  6   |  18   |
| test  |  12  |  6   |  18   |
| Total |  84  |  54  |  138  |